$ANSIBLE_VAULT;1.1;AES256
37623966353662363433383264353265656263306434323765616535643261363138356263326361
6435383865313830346233353939663531643666656664660a656565343236653733383337663662
32323136366465656239333961373737346566653030356139656333666336343639306237343437
6362613539636563660a653939386461646365623831363264366636363835323064343734336538
38353162616330623933313862313035363630613163336564353535393035326330633632623830
36653766613630666434636331386265386664613761313736323237613337323336613766613331
66653939326362646633633162356666633633343435666635626562336534356462643064333963
62646331623033363433303636333131666336313535333330376465313665626639623636383865
64323163363130303462313466323532613635333764646430383762366233633566393336356637
62633064393339303562643138346462336430336435343431396139666230646333643134333365
34666166373434363532616634653138383933656634306165376565636363613735653463376563
35356439393263653733336530353036373562646135663462633563353037653632333730616439
66376339376164613333613531316639393865633638643864303666326632323262656436363837
35653062323463303732646362393861313234643463643162316163376330303664393064653263
30343439616336343331346261336436393438393136323130656633376265373963613563353533
66303863646136373737333832383663633161646437396539636638356531316433386236663963
32313430353665643831323265333764653361363131373261643635393032396339376163626436
38363038633366316666353738666264356339363164623366613162376333623834333866386234
32386466663862393331306536316632633531663335633039666133303933376537343236633439
30356233316165353864386438616363386234623662646336613937623362386235623030323636
33626537333962623430333033303034643431303635616431353233653966373937393035363238
39333634313830323438616266353931363830343333666162656163326265643963373236373761
62623661316433333230353434373164613530383262643231633265396362386261303838356638
33383532396166386134316666383664653164643435656364366337616162336566633135613732
65353336306334663935376162366463663465323338633430373033356230626133623933326264
33356334366237376234346237303039353961323166303737393838323330356136353432643361
66383638656334373233383333346264633339343262393932303636396638316261623166386638
34363736326631353734343464373763383431393564383264326530613335343038623464653732
6136
